Frame, Keypoints, Bounding Boxes, Confidence Scores, Classes
0, N/A, [371.0, 3.0, 1089.0, 711.0], 0.9403853416442871, 0.0
0, N/A, [1162.0, 18.0, 1280.0, 714.0], 0.7557089924812317, 0.0
0, N/A, [983.0, 218.0, 1164.0, 365.0], 0.7525843977928162, 0.0
0, N/A, [848.0, 216.0, 1011.0, 426.0], 0.6251174807548523, 0.0
1, N/A, [370.0, 4.0, 1087.0, 712.0], 0.9408605098724365, 0.0
1, N/A, [1162.0, 17.0, 1280.0, 713.0], 0.7327579259872437, 0.0
1, N/A, [986.0, 217.0, 1167.0, 359.0], 0.7277792096138, 0.0
1, N/A, [852.0, 208.0, 1007.0, 423.0], 0.7191307544708252, 0.0
2, N/A, [372.0, 4.0, 1087.0, 711.0], 0.9400447607040405, 0.0
2, N/A, [1162.0, 13.0, 1280.0, 713.0], 0.7310523390769958, 0.0
2, N/A, [985.0, 211.0, 1170.0, 358.0], 0.5354080200195312, 0.0
3, N/A, [373.0, 4.0, 1087.0, 711.0], 0.9410352110862732, 0.0
3, N/A, [1164.0, 12.0, 1280.0, 715.0], 0.7822073698043823, 0.0
3, N/A, [850.0, 206.0, 1005.0, 414.0], 0.661774754524231, 0.0
4, N/A, [373.0, 4.0, 1084.0, 711.0], 0.9396314024925232, 0.0
4, N/A, [1163.0, 14.0, 1280.0, 714.0], 0.7892265915870667, 0.0
4, N/A, [853.0, 210.0, 1005.0, 416.0], 0.6890860199928284, 0.0
5, N/A, [374.0, 4.0, 1085.0, 712.0], 0.9411031007766724, 0.0
5, N/A, [1163.0, 15.0, 1280.0, 715.0], 0.800340473651886, 0.0
5, N/A, [853.0, 208.0, 1007.0, 418.0], 0.7126086950302124, 0.0
6, N/A, [374.0, 4.0, 1086.0, 712.0], 0.9402965903282166, 0.0
6, N/A, [1163.0, 13.0, 1280.0, 714.0], 0.7868884205818176, 0.0
6, N/A, [850.0, 204.0, 1005.0, 416.0], 0.7016456127166748, 0.0
6, N/A, [985.0, 215.0, 1173.0, 426.0], 0.5394313335418701, 0.0
7, N/A, [374.0, 4.0, 1086.0, 712.0], 0.9406575560569763, 0.0
7, N/A, [1161.0, 13.0, 1280.0, 713.0], 0.7908257842063904, 0.0
7, N/A, [847.0, 204.0, 1008.0, 419.0], 0.6770561337471008, 0.0
7, N/A, [980.0, 215.0, 1173.0, 426.0], 0.6201212406158447, 0.0
8, N/A, [374.0, 4.0, 1087.0, 712.0], 0.9416201710700989, 0.0
8, N/A, [1160.0, 14.0, 1280.0, 713.0], 0.7792201638221741, 0.0
8, N/A, [850.0, 205.0, 1009.0, 417.0], 0.6545829772949219, 0.0
8, N/A, [970.0, 216.0, 1172.0, 428.0], 0.6299597024917603, 0.0
9, N/A, [373.0, 4.0, 1088.0, 712.0], 0.940815806388855, 0.0
9, N/A, [1160.0, 14.0, 1280.0, 712.0], 0.7745622396469116, 0.0
9, N/A, [844.0, 205.0, 1009.0, 421.0], 0.6857316493988037, 0.0
9, N/A, [989.0, 216.0, 1165.0, 427.0], 0.6176252365112305, 0.0
10, N/A, [374.0, 4.0, 1088.0, 712.0], 0.9404721260070801, 0.0
10, N/A, [1162.0, 12.0, 1280.0, 713.0], 0.7781922817230225, 0.0
10, N/A, [852.0, 202.0, 1006.0, 420.0], 0.7493530511856079, 0.0
10, N/A, [994.0, 216.0, 1171.0, 426.0], 0.6928094625473022, 0.0
11, N/A, [373.0, 4.0, 1088.0, 712.0], 0.941241443157196, 0.0
11, N/A, [1162.0, 13.0, 1280.0, 714.0], 0.7624790072441101, 0.0
11, N/A, [848.0, 204.0, 1009.0, 420.0], 0.7245433330535889, 0.0
11, N/A, [994.0, 217.0, 1173.0, 426.0], 0.6958557367324829, 0.0
12, N/A, [373.0, 4.0, 1089.0, 712.0], 0.9406670331954956, 0.0
12, N/A, [1163.0, 13.0, 1280.0, 715.0], 0.7745816707611084, 0.0
12, N/A, [995.0, 219.0, 1171.0, 429.0], 0.7555335760116577, 0.0
12, N/A, [848.0, 207.0, 1009.0, 424.0], 0.7197617292404175, 0.0
13, N/A, [373.0, 4.0, 1087.0, 711.0], 0.9411439299583435, 0.0
13, N/A, [1163.0, 12.0, 1280.0, 714.0], 0.7916938662528992, 0.0
13, N/A, [992.0, 220.0, 1171.0, 426.0], 0.7196983695030212, 0.0
13, N/A, [857.0, 204.0, 1009.0, 424.0], 0.7150819897651672, 0.0
14, N/A, [372.0, 4.0, 1087.0, 711.0], 0.9398890137672424, 0.0
14, N/A, [986.0, 216.0, 1171.0, 426.0], 0.7924110889434814, 0.0
14, N/A, [1164.0, 13.0, 1280.0, 714.0], 0.7709522247314453, 0.0
14, N/A, [847.0, 200.0, 1006.0, 419.0], 0.6299762725830078, 0.0
15, N/A, [372.0, 4.0, 1086.0, 711.0], 0.94085693359375, 0.0
15, N/A, [1163.0, 13.0, 1280.0, 715.0], 0.7756778001785278, 0.0
15, N/A, [992.0, 216.0, 1171.0, 429.0], 0.7747070789337158, 0.0
15, N/A, [861.0, 202.0, 1004.0, 420.0], 0.6838746666908264, 0.0
16, N/A, [372.0, 4.0, 1085.0, 711.0], 0.9416358470916748, 0.0
16, N/A, [1163.0, 14.0, 1280.0, 715.0], 0.7889710664749146, 0.0
16, N/A, [992.0, 220.0, 1172.0, 433.0], 0.7770746350288391, 0.0
16, N/A, [861.0, 206.0, 1007.0, 423.0], 0.7195576429367065, 0.0
17, N/A, [372.0, 4.0, 1086.0, 711.0], 0.9412127137184143, 0.0
17, N/A, [1164.0, 14.0, 1280.0, 715.0], 0.7955625653266907, 0.0
17, N/A, [987.0, 220.0, 1173.0, 430.0], 0.7952887415885925, 0.0
17, N/A, [851.0, 203.0, 1008.0, 422.0], 0.7065678238868713, 0.0
18, N/A, [372.0, 4.0, 1086.0, 711.0], 0.9401234984397888, 0.0
18, N/A, [988.0, 215.0, 1172.0, 426.0], 0.7896772027015686, 0.0
18, N/A, [1164.0, 13.0, 1280.0, 714.0], 0.7794514298439026, 0.0
18, N/A, [841.0, 201.0, 1009.0, 418.0], 0.7017174959182739, 0.0
19, N/A, [372.0, 4.0, 1087.0, 711.0], 0.9411371946334839, 0.0
19, N/A, [988.0, 218.0, 1171.0, 429.0], 0.7868018746376038, 0.0
19, N/A, [1164.0, 15.0, 1280.0, 714.0], 0.7580215334892273, 0.0
19, N/A, [844.0, 202.0, 1010.0, 423.0], 0.6971204876899719, 0.0
20, N/A, [371.0, 4.0, 1086.0, 711.0], 0.9411693811416626, 0.0
20, N/A, [1164.0, 13.0, 1280.0, 714.0], 0.7558605670928955, 0.0
20, N/A, [990.0, 218.0, 1172.0, 429.0], 0.7084758877754211, 0.0
20, N/A, [850.0, 204.0, 1012.0, 423.0], 0.6794033050537109, 0.0
21, N/A, [372.0, 4.0, 1087.0, 711.0], 0.940719485282898, 0.0
21, N/A, [1164.0, 14.0, 1280.0, 713.0], 0.7674354910850525, 0.0
21, N/A, [848.0, 203.0, 1011.0, 423.0], 0.667012631893158, 0.0
21, N/A, [988.0, 218.0, 1167.0, 427.0], 0.5489253401756287, 0.0
22, N/A, [372.0, 4.0, 1087.0, 711.0], 0.9406481385231018, 0.0
22, N/A, [1164.0, 14.0, 1280.0, 714.0], 0.75953608751297, 0.0
22, N/A, [850.0, 203.0, 1010.0, 422.0], 0.6813664436340332, 0.0
22, N/A, [990.0, 218.0, 1168.0, 427.0], 0.6272464394569397, 0.0
23, N/A, [372.0, 4.0, 1087.0, 711.0], 0.9399623870849609, 0.0
23, N/A, [1163.0, 11.0, 1280.0, 713.0], 0.77998948097229, 0.0
23, N/A, [857.0, 202.0, 1011.0, 421.0], 0.6775957345962524, 0.0
24, N/A, [371.0, 4.0, 1087.0, 711.0], 0.9394851922988892, 0.0
24, N/A, [1164.0, 14.0, 1280.0, 713.0], 0.7166679501533508, 0.0
24, N/A, [855.0, 202.0, 1010.0, 420.0], 0.7029860019683838, 0.0
24, N/A, [987.0, 216.0, 1143.0, 423.0], 0.5480046272277832, 0.0
25, N/A, [371.0, 4.0, 1087.0, 711.0], 0.939487099647522, 0.0
25, N/A, [856.0, 202.0, 1012.0, 419.0], 0.7188304662704468, 0.0
25, N/A, [1163.0, 14.0, 1280.0, 713.0], 0.7025430202484131, 0.0
25, N/A, [979.0, 217.0, 1138.0, 423.0], 0.5253376364707947, 0.0
26, N/A, [371.0, 4.0, 1088.0, 711.0], 0.9403252601623535, 0.0
26, N/A, [853.0, 205.0, 1012.0, 422.0], 0.7387682795524597, 0.0
26, N/A, [1164.0, 16.0, 1280.0, 714.0], 0.6918417811393738, 0.0
27, N/A, [370.0, 4.0, 1088.0, 711.0], 0.9389929175376892, 0.0
27, N/A, [856.0, 204.0, 1012.0, 425.0], 0.7371862530708313, 0.0
27, N/A, [1165.0, 15.0, 1280.0, 714.0], 0.6873810291290283, 0.0
27, N/A, [991.0, 218.0, 1154.0, 424.0], 0.536550760269165, 0.0
28, N/A, [368.0, 4.0, 1089.0, 711.0], 0.9389744400978088, 0.0
28, N/A, [852.0, 202.0, 1013.0, 425.0], 0.7325499653816223, 0.0
28, N/A, [1165.0, 15.0, 1280.0, 714.0], 0.7156437039375305, 0.0
28, N/A, [991.0, 217.0, 1155.0, 423.0], 0.6077032685279846, 0.0
29, N/A, [371.0, 4.0, 1089.0, 711.0], 0.9392898678779602, 0.0
29, N/A, [846.0, 204.0, 1012.0, 425.0], 0.7398620247840881, 0.0
29, N/A, [1165.0, 16.0, 1280.0, 713.0], 0.6931793093681335, 0.0
30, N/A, [371.0, 4.0, 1089.0, 711.0], 0.9391291737556458, 0.0
30, N/A, [1167.0, 12.0, 1280.0, 715.0], 0.7571096420288086, 0.0
30, N/A, [846.0, 205.0, 1013.0, 423.0], 0.6568863391876221, 0.0
31, N/A, [369.0, 4.0, 1088.0, 711.0], 0.9392217397689819, 0.0
31, N/A, [1165.0, 13.0, 1280.0, 713.0], 0.7375282645225525, 0.0
31, N/A, [851.0, 204.0, 1015.0, 421.0], 0.7118315100669861, 0.0
31, N/A, [987.0, 217.0, 1152.0, 422.0], 0.6355120539665222, 0.0
32, N/A, [369.0, 4.0, 1088.0, 711.0], 0.9379895925521851, 0.0
32, N/A, [1166.0, 13.0, 1280.0, 713.0], 0.7163663506507874, 0.0
32, N/A, [852.0, 202.0, 1010.0, 413.0], 0.676645815372467, 0.0
32, N/A, [988.0, 214.0, 1172.0, 424.0], 0.611919641494751, 0.0
33, N/A, [371.0, 4.0, 1089.0, 711.0], 0.9372593760490417, 0.0
33, N/A, [1166.0, 14.0, 1280.0, 714.0], 0.7226917743682861, 0.0
33, N/A, [844.0, 204.0, 1015.0, 415.0], 0.7006330490112305, 0.0
33, N/A, [986.0, 214.0, 1172.0, 425.0], 0.6604436039924622, 0.0
34, N/A, [371.0, 4.0, 1087.0, 711.0], 0.936968207359314, 0.0
34, N/A, [1167.0, 15.0, 1280.0, 714.0], 0.745375394821167, 0.0
34, N/A, [856.0, 207.0, 1003.0, 414.0], 0.6463485956192017, 0.0
34, N/A, [990.0, 219.0, 1173.0, 427.0], 0.5510209798812866, 0.0
35, N/A, [367.0, 4.0, 1086.0, 711.0], 0.936180591583252, 0.0
35, N/A, [1167.0, 16.0, 1280.0, 714.0], 0.707897424697876, 0.0
35, N/A, [865.0, 205.0, 1013.0, 422.0], 0.6393442749977112, 0.0
35, N/A, [990.0, 219.0, 1173.0, 426.0], 0.5498368144035339, 0.0
36, N/A, [368.0, 4.0, 1084.0, 711.0], 0.9391696453094482, 0.0
36, N/A, [869.0, 203.0, 1006.0, 385.0], 0.6677472591400146, 0.0
36, N/A, [1169.0, 15.0, 1280.0, 713.0], 0.667571485042572, 0.0
36, N/A, [992.0, 214.0, 1173.0, 422.0], 0.6026831269264221, 0.0
37, N/A, [368.0, 4.0, 1086.0, 711.0], 0.9396766424179077, 0.0
37, N/A, [1170.0, 14.0, 1280.0, 713.0], 0.663101315498352, 0.0
37, N/A, [981.0, 214.0, 1176.0, 423.0], 0.608136773109436, 0.0
37, N/A, [869.0, 206.0, 1010.0, 408.0], 0.6055437326431274, 0.0
38, N/A, [368.0, 4.0, 1087.0, 711.0], 0.9383478164672852, 0.0
38, N/A, [1171.0, 15.0, 1280.0, 713.0], 0.6067426800727844, 0.0
38, N/A, [871.0, 208.0, 1014.0, 423.0], 0.5982879996299744, 0.0
39, N/A, [369.0, 4.0, 1089.0, 711.0], 0.9400171637535095, 0.0
39, N/A, [1173.0, 16.0, 1280.0, 712.0], 0.6549339890480042, 0.0
39, N/A, [874.0, 208.0, 1011.0, 423.0], 0.5760621428489685, 0.0
40, N/A, [368.0, 4.0, 1091.0, 711.0], 0.939507007598877, 0.0
40, N/A, [872.0, 207.0, 1011.0, 424.0], 0.6297672390937805, 0.0
40, N/A, [1173.0, 16.0, 1280.0, 712.0], 0.6133953332901001, 0.0
40, N/A, [1046.0, 216.0, 1183.0, 429.0], 0.5648179054260254, 0.0
41, N/A, [369.0, 4.0, 1091.0, 711.0], 0.9400627017021179, 0.0
41, N/A, [1172.0, 13.0, 1280.0, 713.0], 0.6899117231369019, 0.0
41, N/A, [869.0, 208.0, 1011.0, 425.0], 0.6012312173843384, 0.0
41, N/A, [1045.0, 216.0, 1183.0, 429.0], 0.5024983286857605, 0.0
42, N/A, [368.0, 4.0, 1092.0, 711.0], 0.9400539398193359, 0.0
42, N/A, [1174.0, 12.0, 1280.0, 713.0], 0.7273681163787842, 0.0
42, N/A, [817.0, 208.0, 1015.0, 424.0], 0.6546987295150757, 0.0
43, N/A, [367.0, 4.0, 1091.0, 711.0], 0.9402191638946533, 0.0
43, N/A, [1173.0, 13.0, 1280.0, 710.0], 0.7208108901977539, 0.0
43, N/A, [819.0, 207.0, 1013.0, 427.0], 0.6852467060089111, 0.0
44, N/A, [367.0, 4.0, 1091.0, 711.0], 0.9393606185913086, 0.0
44, N/A, [1174.0, 14.0, 1280.0, 708.0], 0.6998443007469177, 0.0
44, N/A, [844.0, 206.0, 1014.0, 429.0], 0.6498124003410339, 0.0
44, N/A, [983.0, 216.0, 1180.0, 364.0], 0.5426944494247437, 0.0
45, N/A, [367.0, 4.0, 1092.0, 711.0], 0.9396088719367981, 0.0
45, N/A, [1174.0, 14.0, 1280.0, 704.0], 0.6833587884902954, 0.0
45, N/A, [829.0, 205.0, 1015.0, 427.0], 0.6450293064117432, 0.0
45, N/A, [986.0, 216.0, 1178.0, 361.0], 0.5068841576576233, 0.0
46, N/A, [367.0, 4.0, 1092.0, 711.0], 0.9403267502784729, 0.0
46, N/A, [1173.0, 14.0, 1280.0, 703.0], 0.678368091583252, 0.0
46, N/A, [840.0, 204.0, 1015.0, 430.0], 0.6666746139526367, 0.0
46, N/A, [985.0, 216.0, 1175.0, 361.0], 0.5527598857879639, 0.0
47, N/A, [368.0, 4.0, 1091.0, 711.0], 0.9419035315513611, 0.0
47, N/A, [851.0, 202.0, 1016.0, 427.0], 0.743243396282196, 0.0
47, N/A, [1169.0, 14.0, 1280.0, 706.0], 0.6812610030174255, 0.0
47, N/A, [985.0, 214.0, 1171.0, 360.0], 0.5591727495193481, 0.0
48, N/A, [367.0, 4.0, 1088.0, 711.0], 0.9423788785934448, 0.0
48, N/A, [863.0, 204.0, 1015.0, 428.0], 0.741000771522522, 0.0
49, N/A, [367.0, 4.0, 1087.0, 711.0], 0.9410643577575684, 0.0
49, N/A, [861.0, 206.0, 1016.0, 429.0], 0.6944829821586609, 0.0
49, N/A, [983.0, 216.0, 1165.0, 355.0], 0.5981210470199585, 0.0
50, N/A, [366.0, 4.0, 1086.0, 711.0], 0.9408416152000427, 0.0
50, N/A, [865.0, 204.0, 1015.0, 424.0], 0.6578518152236938, 0.0
50, N/A, [1161.0, 16.0, 1280.0, 700.0], 0.5211250185966492, 0.0
51, N/A, [366.0, 4.0, 1086.0, 711.0], 0.9406259059906006, 0.0
51, N/A, [1160.0, 23.0, 1280.0, 702.0], 0.6365435719490051, 0.0
51, N/A, [860.0, 203.0, 1018.0, 419.0], 0.5037872195243835, 0.0
52, N/A, [369.0, 4.0, 1085.0, 710.0], 0.9410078525543213, 0.0
52, N/A, [1041.0, 215.0, 1165.0, 429.0], 0.6890048384666443, 0.0
53, N/A, [369.0, 4.0, 1081.0, 710.0], 0.9420685768127441, 0.0
54, N/A, [371.0, 5.0, 1079.0, 711.0], 0.9430117011070251, 0.0
54, N/A, [967.0, 215.0, 1159.0, 428.0], 0.5320894122123718, 0.0
54, N/A, [1151.0, 10.0, 1280.0, 707.0], 0.5200381278991699, 0.0
55, N/A, [376.0, 4.0, 1075.0, 711.0], 0.9436850547790527, 0.0
55, N/A, [1151.0, 12.0, 1280.0, 706.0], 0.5785583853721619, 0.0
55, N/A, [976.0, 210.0, 1159.0, 424.0], 0.5647501349449158, 0.0
56, N/A, [381.0, 4.0, 1072.0, 711.0], 0.9432704448699951, 0.0
56, N/A, [1150.0, 20.0, 1280.0, 707.0], 0.6947973370552063, 0.0
57, N/A, [388.0, 4.0, 1070.0, 711.0], 0.9411596655845642, 0.0
57, N/A, [1147.0, 23.0, 1280.0, 705.0], 0.6089265942573547, 0.0
58, N/A, [393.0, 4.0, 1067.0, 711.0], 0.940601110458374, 0.0
58, N/A, [1147.0, 18.0, 1280.0, 705.0], 0.6681210994720459, 0.0
59, N/A, [400.0, 3.0, 1063.0, 712.0], 0.9391002655029297, 0.0
59, N/A, [1145.0, 14.0, 1280.0, 707.0], 0.7705553770065308, 0.0
60, N/A, [408.0, 3.0, 1057.0, 712.0], 0.9410477876663208, 0.0
60, N/A, [1141.0, 16.0, 1280.0, 708.0], 0.7367298007011414, 0.0
60, N/A, [986.0, 211.0, 1157.0, 350.0], 0.5262714624404907, 0.0
61, N/A, [412.0, 5.0, 1056.0, 713.0], 0.9398655295372009, 0.0
61, N/A, [1135.0, 13.0, 1280.0, 706.0], 0.608661413192749, 0.0
62, N/A, [417.0, 4.0, 1050.0, 712.0], 0.9395851492881775, 0.0
62, N/A, [857.0, 204.0, 1023.0, 427.0], 0.5727372169494629, 0.0
62, N/A, [1135.0, 14.0, 1280.0, 708.0], 0.5708221197128296, 0.0
63, N/A, [418.0, 5.0, 1044.0, 712.0], 0.938086211681366, 0.0
63, N/A, [857.0, 202.0, 1021.0, 427.0], 0.6331220865249634, 0.0
64, N/A, [421.0, 5.0, 1038.0, 715.0], 0.939452588558197, 0.0
64, N/A, [988.0, 212.0, 1153.0, 426.0], 0.7623415589332581, 0.0
64, N/A, [861.0, 204.0, 1020.0, 426.0], 0.740385890007019, 0.0
64, N/A, [1138.0, 17.0, 1280.0, 708.0], 0.7001569271087646, 0.0
65, N/A, [424.0, 4.0, 1027.0, 713.0], 0.9394436478614807, 0.0
65, N/A, [988.0, 214.0, 1153.0, 429.0], 0.6965551376342773, 0.0
65, N/A, [857.0, 205.0, 1017.0, 438.0], 0.6795139312744141, 0.0
65, N/A, [1135.0, 24.0, 1280.0, 707.0], 0.624704897403717, 0.0
66, N/A, [427.0, 4.0, 1026.0, 713.0], 0.9411258101463318, 0.0
66, N/A, [989.0, 215.0, 1158.0, 430.0], 0.7354932427406311, 0.0
66, N/A, [866.0, 206.0, 1015.0, 438.0], 0.649066686630249, 0.0
66, N/A, [1131.0, 11.0, 1280.0, 706.0], 0.6348244547843933, 0.0
67, N/A, [429.0, 4.0, 1025.0, 713.0], 0.9415632486343384, 0.0
67, N/A, [993.0, 214.0, 1159.0, 430.0], 0.6831733584403992, 0.0
67, N/A, [1131.0, 10.0, 1280.0, 707.0], 0.6175180077552795, 0.0
68, N/A, [430.0, 3.0, 1025.0, 715.0], 0.9409341812133789, 0.0
68, N/A, [846.0, 204.0, 1021.0, 435.0], 0.7516837120056152, 0.0
68, N/A, [989.0, 214.0, 1161.0, 429.0], 0.6810492277145386, 0.0
68, N/A, [1130.0, 10.0, 1280.0, 708.0], 0.6420376300811768, 0.0
69, N/A, [430.0, 3.0, 1027.0, 714.0], 0.9385898113250732, 0.0
69, N/A, [1129.0, 14.0, 1280.0, 708.0], 0.6880527138710022, 0.0
69, N/A, [1030.0, 215.0, 1165.0, 432.0], 0.6030346155166626, 0.0
69, N/A, [840.0, 206.0, 1014.0, 438.0], 0.5647333860397339, 0.0
70, N/A, [429.0, 3.0, 1025.0, 714.0], 0.9390804767608643, 0.0
70, N/A, [1130.0, 14.0, 1280.0, 707.0], 0.6723228693008423, 0.0
70, N/A, [837.0, 206.0, 1016.0, 437.0], 0.6487535834312439, 0.0
70, N/A, [1020.0, 218.0, 1162.0, 432.0], 0.5111685395240784, 0.0
71, N/A, [428.0, 3.0, 1024.0, 714.0], 0.9398270845413208, 0.0
71, N/A, [831.0, 204.0, 1020.0, 436.0], 0.7392165660858154, 0.0
71, N/A, [1130.0, 10.0, 1280.0, 706.0], 0.6569695472717285, 0.0
71, N/A, [1033.0, 219.0, 1161.0, 430.0], 0.5964996814727783, 0.0
72, N/A, [426.0, 4.0, 1026.0, 712.0], 0.9370543360710144, 0.0
72, N/A, [1129.0, 10.0, 1280.0, 707.0], 0.6930856108665466, 0.0
72, N/A, [1032.0, 220.0, 1159.0, 430.0], 0.5811663866043091, 0.0
72, N/A, [835.0, 204.0, 1016.0, 429.0], 0.5490186214447021, 0.0
73, N/A, [427.0, 5.0, 1027.0, 712.0], 0.935505747795105, 0.0
73, N/A, [1127.0, 11.0, 1280.0, 707.0], 0.7079704999923706, 0.0
73, N/A, [843.0, 206.0, 1095.0, 433.0], 0.5937848091125488, 0.0
74, N/A, [426.0, 7.0, 1026.0, 712.0], 0.9364377856254578, 0.0
74, N/A, [1127.0, 11.0, 1280.0, 709.0], 0.690636932849884, 0.0
74, N/A, [840.0, 207.0, 1015.0, 430.0], 0.6021632552146912, 0.0
74, N/A, [1041.0, 222.0, 1157.0, 429.0], 0.5386433601379395, 0.0
75, N/A, [424.0, 6.0, 1024.0, 714.0], 0.9364564418792725, 0.0
75, N/A, [1126.0, 12.0, 1280.0, 709.0], 0.7119752764701843, 0.0
75, N/A, [836.0, 209.0, 1004.0, 429.0], 0.6347469687461853, 0.0
75, N/A, [1041.0, 222.0, 1159.0, 429.0], 0.5652499198913574, 0.0
76, N/A, [422.0, 6.0, 1025.0, 714.0], 0.9357907772064209, 0.0
76, N/A, [1126.0, 12.0, 1280.0, 709.0], 0.6966356039047241, 0.0
76, N/A, [838.0, 204.0, 1005.0, 429.0], 0.5977195501327515, 0.0
76, N/A, [1043.0, 223.0, 1157.0, 427.0], 0.5748565793037415, 0.0
77, N/A, [421.0, 6.0, 1029.0, 712.0], 0.9342905282974243, 0.0
77, N/A, [1127.0, 21.0, 1280.0, 707.0], 0.7561441659927368, 0.0
77, N/A, [826.0, 205.0, 1127.0, 431.0], 0.7150369882583618, 0.0
77, N/A, [1042.0, 223.0, 1158.0, 427.0], 0.5977477431297302, 0.0
78, N/A, [419.0, 7.0, 1033.0, 712.0], 0.9302747249603271, 0.0
78, N/A, [837.0, 204.0, 1108.0, 428.0], 0.7368521690368652, 0.0
78, N/A, [1126.0, 24.0, 1280.0, 711.0], 0.6977579593658447, 0.0
78, N/A, [1041.0, 222.0, 1158.0, 428.0], 0.6164836287498474, 0.0
79, N/A, [419.0, 6.0, 1030.0, 713.0], 0.9351289868354797, 0.0
79, N/A, [1127.0, 25.0, 1280.0, 712.0], 0.7280129790306091, 0.0
79, N/A, [846.0, 205.0, 1020.0, 426.0], 0.7201963067054749, 0.0
79, N/A, [1044.0, 223.0, 1157.0, 429.0], 0.6297241449356079, 0.0
80, N/A, [418.0, 6.0, 1031.0, 713.0], 0.9356305599212646, 0.0
80, N/A, [1125.0, 26.0, 1280.0, 712.0], 0.7020959854125977, 0.0
80, N/A, [1037.0, 223.0, 1158.0, 430.0], 0.647654116153717, 0.0
80, N/A, [849.0, 205.0, 1021.0, 424.0], 0.5590780377388, 0.0
81, N/A, [418.0, 6.0, 1037.0, 713.0], 0.9324324727058411, 0.0
81, N/A, [838.0, 205.0, 1100.0, 431.0], 0.7302006483078003, 0.0
81, N/A, [1121.0, 19.0, 1280.0, 709.0], 0.5249778628349304, 0.0
81, N/A, [1030.0, 224.0, 1158.0, 430.0], 0.5130665302276611, 0.0
82, N/A, [417.0, 6.0, 1039.0, 712.0], 0.9341561198234558, 0.0
82, N/A, [1123.0, 18.0, 1280.0, 710.0], 0.5487951040267944, 0.0
82, N/A, [1042.0, 224.0, 1160.0, 429.0], 0.5430927276611328, 0.0
83, N/A, [417.0, 6.0, 1036.0, 713.0], 0.9363097548484802, 0.0
83, N/A, [1046.0, 222.0, 1158.0, 431.0], 0.5878629088401794, 0.0
83, N/A, [852.0, 204.0, 1009.0, 430.0], 0.5840420722961426, 0.0
83, N/A, [1122.0, 13.0, 1280.0, 711.0], 0.5602317452430725, 0.0
84, N/A, [416.0, 6.0, 1037.0, 713.0], 0.934529185295105, 0.0
84, N/A, [851.0, 208.0, 1099.0, 434.0], 0.6183339953422546, 0.0
84, N/A, [1119.0, 11.0, 1280.0, 711.0], 0.5201583504676819, 0.0
85, N/A, [415.0, 6.0, 1040.0, 715.0], 0.9343892931938171, 0.0
85, N/A, [842.0, 208.0, 1084.0, 434.0], 0.7625384330749512, 0.0
85, N/A, [1117.0, 9.0, 1280.0, 711.0], 0.5162324905395508, 0.0
86, N/A, [415.0, 6.0, 1042.0, 713.0], 0.9346031546592712, 0.0
86, N/A, [1025.0, 224.0, 1158.0, 431.0], 0.6756550669670105, 0.0
86, N/A, [858.0, 206.0, 1016.0, 428.0], 0.6168398261070251, 0.0
86, N/A, [1119.0, 9.0, 1280.0, 713.0], 0.5484650731086731, 0.0
87, N/A, [414.0, 6.0, 1039.0, 715.0], 0.9349488615989685, 0.0
87, N/A, [846.0, 206.0, 1057.0, 425.0], 0.7146999835968018, 0.0
87, N/A, [1020.0, 224.0, 1158.0, 429.0], 0.6441652178764343, 0.0
87, N/A, [1117.0, 5.0, 1280.0, 712.0], 0.5308781862258911, 0.0
88, N/A, [414.0, 6.0, 1038.0, 715.0], 0.9347667694091797, 0.0
88, N/A, [853.0, 206.0, 1034.0, 426.0], 0.6817119121551514, 0.0
88, N/A, [1034.0, 225.0, 1157.0, 428.0], 0.5645371675491333, 0.0
88, N/A, [1117.0, 8.0, 1280.0, 712.0], 0.5088962316513062, 0.0
89, N/A, [414.0, 6.0, 1042.0, 713.0], 0.9351194500923157, 0.0
89, N/A, [845.0, 205.0, 1057.0, 428.0], 0.6944330930709839, 0.0
89, N/A, [1018.0, 226.0, 1155.0, 427.0], 0.6401277780532837, 0.0
90, N/A, [413.0, 6.0, 1043.0, 712.0], 0.9335711002349854, 0.0
90, N/A, [840.0, 208.0, 1071.0, 428.0], 0.7440415024757385, 0.0
90, N/A, [1028.0, 226.0, 1157.0, 430.0], 0.5752132534980774, 0.0
91, N/A, [412.0, 7.0, 1043.0, 712.0], 0.9320957064628601, 0.0
91, N/A, [857.0, 208.0, 1075.0, 428.0], 0.7165020704269409, 0.0
91, N/A, [1005.0, 228.0, 1158.0, 428.0], 0.532502293586731, 0.0
92, N/A, [412.0, 6.0, 1042.0, 713.0], 0.9316674470901489, 0.0
92, N/A, [844.0, 208.0, 1077.0, 431.0], 0.7664753198623657, 0.0
92, N/A, [1022.0, 228.0, 1155.0, 428.0], 0.5679617524147034, 0.0
93, N/A, [412.0, 6.0, 1039.0, 715.0], 0.9323878884315491, 0.0
93, N/A, [838.0, 209.0, 1082.0, 432.0], 0.7365427613258362, 0.0
93, N/A, [1029.0, 227.0, 1156.0, 431.0], 0.610478401184082, 0.0
94, N/A, [411.0, 6.0, 1042.0, 712.0], 0.9316658973693848, 0.0
94, N/A, [842.0, 207.0, 1090.0, 437.0], 0.7496511340141296, 0.0
94, N/A, [1029.0, 227.0, 1156.0, 431.0], 0.6675270199775696, 0.0
95, N/A, [411.0, 7.0, 1042.0, 712.0], 0.9338149428367615, 0.0
95, N/A, [843.0, 206.0, 1081.0, 428.0], 0.7484122514724731, 0.0
95, N/A, [1027.0, 228.0, 1156.0, 430.0], 0.7405038475990295, 0.0
96, N/A, [410.0, 6.0, 1042.0, 712.0], 0.9344528913497925, 0.0
96, N/A, [1036.0, 228.0, 1156.0, 429.0], 0.7369970083236694, 0.0
96, N/A, [840.0, 204.0, 1073.0, 429.0], 0.6696509718894958, 0.0
97, N/A, [410.0, 6.0, 1041.0, 712.0], 0.9346433281898499, 0.0
97, N/A, [836.0, 206.0, 1066.0, 430.0], 0.6553679704666138, 0.0
97, N/A, [1035.0, 230.0, 1155.0, 430.0], 0.5854460597038269, 0.0
98, N/A, [411.0, 5.0, 1042.0, 712.0], 0.9343937039375305, 0.0
98, N/A, [1031.0, 231.0, 1155.0, 429.0], 0.7576631307601929, 0.0
98, N/A, [843.0, 203.0, 1070.0, 429.0], 0.5816246271133423, 0.0
99, N/A, [411.0, 6.0, 1043.0, 713.0], 0.9330880641937256, 0.0
99, N/A, [847.0, 201.0, 1080.0, 428.0], 0.6722362637519836, 0.0
99, N/A, [1034.0, 229.0, 1155.0, 428.0], 0.650476336479187, 0.0
100, N/A, [411.0, 6.0, 1043.0, 712.0], 0.9355612397193909, 0.0
100, N/A, [842.0, 203.0, 1016.0, 429.0], 0.5378915667533875, 0.0
101, N/A, [411.0, 5.0, 1042.0, 712.0], 0.9366950392723083, 0.0
101, N/A, [842.0, 206.0, 1019.0, 430.0], 0.589387059211731, 0.0
102, N/A, [411.0, 5.0, 1040.0, 712.0], 0.9363270401954651, 0.0
102, N/A, [839.0, 206.0, 1020.0, 430.0], 0.6961355209350586, 0.0
102, N/A, [1033.0, 235.0, 1154.0, 431.0], 0.6832176446914673, 0.0
103, N/A, [410.0, 5.0, 1043.0, 712.0], 0.9358869194984436, 0.0
103, N/A, [1038.0, 235.0, 1154.0, 427.0], 0.6895449161529541, 0.0
103, N/A, [851.0, 204.0, 1035.0, 427.0], 0.583774209022522, 0.0
104, N/A, [409.0, 5.0, 1043.0, 712.0], 0.9368534088134766, 0.0
104, N/A, [1035.0, 235.0, 1155.0, 427.0], 0.7402788996696472, 0.0
104, N/A, [849.0, 203.0, 1090.0, 431.0], 0.5770686268806458, 0.0
105, N/A, [404.0, 5.0, 1044.0, 713.0], 0.9363309741020203, 0.0
105, N/A, [842.0, 206.0, 1094.0, 431.0], 0.7306391000747681, 0.0
105, N/A, [1036.0, 236.0, 1155.0, 430.0], 0.7158096432685852, 0.0
106, N/A, [398.0, 6.0, 1045.0, 713.0], 0.9366158843040466, 0.0
106, N/A, [844.0, 209.0, 1102.0, 437.0], 0.7592463493347168, 0.0
106, N/A, [1038.0, 239.0, 1155.0, 430.0], 0.7011018991470337, 0.0
107, N/A, [388.0, 6.0, 1044.0, 713.0], 0.9386720657348633, 0.0
107, N/A, [826.0, 207.0, 1111.0, 430.0], 0.7145325541496277, 0.0
108, N/A, [376.0, 6.0, 1042.0, 713.0], 0.9402536153793335, 0.0
108, N/A, [840.0, 204.0, 1062.0, 425.0], 0.6059666275978088, 0.0
109, N/A, [359.0, 7.0, 1044.0, 713.0], 0.938511073589325, 0.0
109, N/A, [835.0, 204.0, 1100.0, 430.0], 0.558832049369812, 0.0
110, N/A, [347.0, 6.0, 1045.0, 712.0], 0.9372206926345825, 0.0
110, N/A, [838.0, 208.0, 1029.0, 434.0], 0.5796511173248291, 0.0
111, N/A, [334.0, 5.0, 1047.0, 712.0], 0.9404105544090271, 0.0
111, N/A, [835.0, 208.0, 1101.0, 432.0], 0.5637619495391846, 0.0
111, N/A, [1046.0, 240.0, 1157.0, 434.0], 0.5490598082542419, 0.0
112, N/A, [322.0, 3.0, 1047.0, 711.0], 0.9413501024246216, 0.0
112, N/A, [827.0, 205.0, 1017.0, 431.0], 0.7147377133369446, 0.0
113, N/A, [313.0, 2.0, 1046.0, 710.0], 0.9430831074714661, 0.0
113, N/A, [981.0, 239.0, 1158.0, 430.0], 0.6996326446533203, 0.0
113, N/A, [818.0, 204.0, 1018.0, 430.0], 0.6214689016342163, 0.0
114, N/A, [303.0, 2.0, 1044.0, 711.0], 0.9438023567199707, 0.0
114, N/A, [831.0, 205.0, 1015.0, 433.0], 0.7123454213142395, 0.0
114, N/A, [981.0, 239.0, 1158.0, 430.0], 0.6411948800086975, 0.0
114, N/A, [1130.0, 12.0, 1280.0, 708.0], 0.6016229391098022, 0.0
115, N/A, [293.0, 2.0, 1047.0, 711.0], 0.9454718232154846, 0.0
115, N/A, [829.0, 207.0, 1013.0, 432.0], 0.7287166118621826, 0.0
115, N/A, [1130.0, 10.0, 1280.0, 708.0], 0.6060907244682312, 0.0
116, N/A, [238.0, 3.0, 1048.0, 711.0], 0.9426802396774292, 0.0
116, N/A, [832.0, 206.0, 1014.0, 429.0], 0.7272615432739258, 0.0
116, N/A, [980.0, 239.0, 1158.0, 430.0], 0.606899082660675, 0.0
116, N/A, [1131.0, 7.0, 1280.0, 709.0], 0.5601215362548828, 0.0
117, N/A, [189.0, 3.0, 1042.0, 711.0], 0.9361934661865234, 0.0
117, N/A, [821.0, 203.0, 1012.0, 425.0], 0.709172785282135, 0.0
117, N/A, [1046.0, 239.0, 1160.0, 428.0], 0.5946850180625916, 0.0
117, N/A, [1130.0, 6.0, 1280.0, 708.0], 0.5009175539016724, 0.0
118, N/A, [144.0, 4.0, 1042.0, 710.0], 0.932660698890686, 0.0
118, N/A, [818.0, 205.0, 1012.0, 426.0], 0.7363774180412292, 0.0
118, N/A, [1129.0, 7.0, 1280.0, 708.0], 0.5088599920272827, 0.0
118, N/A, [1041.0, 239.0, 1159.0, 429.0], 0.5019083023071289, 0.0
119, N/A, [110.0, 3.0, 1040.0, 711.0], 0.9246518611907959, 0.0
119, N/A, [807.0, 207.0, 1011.0, 424.0], 0.7647374272346497, 0.0
120, N/A, [68.0, 3.0, 1046.0, 712.0], 0.9119427800178528, 0.0
120, N/A, [807.0, 208.0, 1012.0, 420.0], 0.7976673245429993, 0.0
121, N/A, [47.0, 4.0, 1041.0, 712.0], 0.9166627526283264, 0.0
121, N/A, [827.0, 206.0, 1012.0, 422.0], 0.7335778474807739, 0.0
121, N/A, [1044.0, 239.0, 1160.0, 430.0], 0.5498979091644287, 0.0
122, N/A, [26.0, 4.0, 1054.0, 713.0], 0.9037051796913147, 0.0
122, N/A, [842.0, 207.0, 1012.0, 418.0], 0.8236093521118164, 0.0
122, N/A, [1042.0, 238.0, 1161.0, 431.0], 0.7074030637741089, 0.0
123, N/A, [20.0, 3.0, 1048.0, 711.0], 0.9148211479187012, 0.0
123, N/A, [825.0, 208.0, 1013.0, 421.0], 0.8262892961502075, 0.0
123, N/A, [1043.0, 239.0, 1161.0, 432.0], 0.710888147354126, 0.0
124, N/A, [16.0, 3.0, 1039.0, 712.0], 0.9029433131217957, 0.0
124, N/A, [822.0, 209.0, 1011.0, 423.0], 0.8412708640098572, 0.0
124, N/A, [1021.0, 241.0, 1160.0, 432.0], 0.6047740578651428, 0.0
125, N/A, [12.0, 4.0, 1040.0, 712.0], 0.9004793167114258, 0.0
125, N/A, [810.0, 206.0, 1010.0, 419.0], 0.8465539216995239, 0.0
125, N/A, [1019.0, 239.0, 1160.0, 429.0], 0.5689016580581665, 0.0
126, N/A, [15.0, 4.0, 1029.0, 713.0], 0.8942682147026062, 0.0
126, N/A, [812.0, 205.0, 1010.0, 423.0], 0.8627550005912781, 0.0
126, N/A, [1032.0, 238.0, 1159.0, 428.0], 0.5813003182411194, 0.0
127, N/A, [19.0, 3.0, 1030.0, 712.0], 0.8942467570304871, 0.0
127, N/A, [811.0, 207.0, 1009.0, 421.0], 0.8516251444816589, 0.0
127, N/A, [1038.0, 238.0, 1160.0, 430.0], 0.6492260098457336, 0.0
128, N/A, [17.0, 3.0, 1029.0, 712.0], 0.9007871150970459, 0.0
128, N/A, [808.0, 209.0, 1017.0, 420.0], 0.8158919215202332, 0.0
128, N/A, [1036.0, 238.0, 1160.0, 431.0], 0.5565012693405151, 0.0
129, N/A, [20.0, 4.0, 1017.0, 712.0], 0.9052780866622925, 0.0
129, N/A, [808.0, 208.0, 1019.0, 425.0], 0.8401308059692383, 0.0
129, N/A, [1034.0, 237.0, 1161.0, 429.0], 0.5217114090919495, 0.0
130, N/A, [19.0, 4.0, 1016.0, 711.0], 0.9085097908973694, 0.0
130, N/A, [805.0, 206.0, 1010.0, 426.0], 0.8536845445632935, 0.0
130, N/A, [1033.0, 235.0, 1161.0, 427.0], 0.6043769121170044, 0.0
131, N/A, [17.0, 2.0, 1016.0, 713.0], 0.9117914438247681, 0.0
131, N/A, [804.0, 207.0, 1010.0, 425.0], 0.8588127493858337, 0.0
131, N/A, [1032.0, 234.0, 1163.0, 428.0], 0.7022509574890137, 0.0
132, N/A, [19.0, 3.0, 1014.0, 713.0], 0.9174408912658691, 0.0
132, N/A, [800.0, 209.0, 1010.0, 425.0], 0.8482028841972351, 0.0
132, N/A, [1027.0, 233.0, 1165.0, 428.0], 0.5944050550460815, 0.0
133, N/A, [18.0, 3.0, 1008.0, 713.0], 0.9169687628746033, 0.0
133, N/A, [800.0, 209.0, 1012.0, 428.0], 0.8483176827430725, 0.0
133, N/A, [1020.0, 233.0, 1172.0, 427.0], 0.6265518069267273, 0.0
134, N/A, [12.0, 3.0, 999.0, 713.0], 0.9158046245574951, 0.0
134, N/A, [803.0, 209.0, 1010.0, 425.0], 0.8580986261367798, 0.0
135, N/A, [11.0, 3.0, 1000.0, 713.0], 0.9174575805664062, 0.0
135, N/A, [802.0, 210.0, 1010.0, 424.0], 0.8470262885093689, 0.0
135, N/A, [1006.0, 233.0, 1176.0, 433.0], 0.5386310815811157, 0.0
136, N/A, [12.0, 4.0, 1000.0, 713.0], 0.9172654151916504, 0.0
136, N/A, [802.0, 209.0, 1010.0, 425.0], 0.870999813079834, 0.0
136, N/A, [1005.0, 233.0, 1179.0, 430.0], 0.7254868149757385, 0.0
137, N/A, [11.0, 4.0, 999.0, 714.0], 0.9166181683540344, 0.0
137, N/A, [803.0, 208.0, 1012.0, 427.0], 0.8599653840065002, 0.0
137, N/A, [1005.0, 229.0, 1181.0, 429.0], 0.7547425031661987, 0.0
138, N/A, [5.0, 4.0, 1004.0, 713.0], 0.9174210429191589, 0.0
138, N/A, [803.0, 207.0, 1010.0, 426.0], 0.8585112690925598, 0.0
138, N/A, [1004.0, 229.0, 1181.0, 428.0], 0.6897321939468384, 0.0
139, N/A, [6.0, 4.0, 1002.0, 713.0], 0.9196273684501648, 0.0
139, N/A, [803.0, 210.0, 1010.0, 427.0], 0.8620436787605286, 0.0
140, N/A, [6.0, 5.0, 1003.0, 713.0], 0.9158545136451721, 0.0
140, N/A, [804.0, 207.0, 1010.0, 424.0], 0.8780074715614319, 0.0
141, N/A, [8.0, 5.0, 998.0, 713.0], 0.9160110950469971, 0.0
141, N/A, [803.0, 206.0, 1011.0, 427.0], 0.8757193088531494, 0.0
142, N/A, [10.0, 5.0, 1004.0, 713.0], 0.9175942540168762, 0.0
142, N/A, [799.0, 207.0, 1012.0, 425.0], 0.8663575053215027, 0.0
142, N/A, [1024.0, 232.0, 1186.0, 422.0], 0.5453857183456421, 0.0
143, N/A, [8.0, 4.0, 1004.0, 713.0], 0.910008430480957, 0.0
143, N/A, [797.0, 207.0, 1012.0, 425.0], 0.8808234930038452, 0.0
143, N/A, [1028.0, 232.0, 1186.0, 423.0], 0.616465151309967, 0.0
144, N/A, [7.0, 3.0, 1008.0, 712.0], 0.908839762210846, 0.0
144, N/A, [800.0, 203.0, 1012.0, 425.0], 0.8765931129455566, 0.0
145, N/A, [0.0, 3.0, 1012.0, 712.0], 0.9133808016777039, 0.0
145, N/A, [798.0, 205.0, 1012.0, 423.0], 0.8861868977546692, 0.0
145, N/A, [1010.0, 227.0, 1190.0, 427.0], 0.6375547647476196, 0.0
146, N/A, [0.0, 3.0, 1006.0, 712.0], 0.9105809926986694, 0.0
146, N/A, [796.0, 210.0, 1012.0, 425.0], 0.8644919395446777, 0.0
146, N/A, [992.0, 237.0, 1188.0, 430.0], 0.7035186886787415, 0.0
147, N/A, [11.0, 4.0, 1014.0, 713.0], 0.91041100025177, 0.0
147, N/A, [793.0, 208.0, 1012.0, 425.0], 0.8776080012321472, 0.0
147, N/A, [993.0, 235.0, 1188.0, 428.0], 0.7651839256286621, 0.0
148, N/A, [9.0, 2.0, 1009.0, 712.0], 0.9134412407875061, 0.0
148, N/A, [798.0, 204.0, 1011.0, 426.0], 0.8743847012519836, 0.0
148, N/A, [994.0, 229.0, 1190.0, 422.0], 0.7657674551010132, 0.0
149, N/A, [7.0, 3.0, 1010.0, 712.0], 0.9167309403419495, 0.0
149, N/A, [795.0, 205.0, 1012.0, 427.0], 0.8573898673057556, 0.0
149, N/A, [1000.0, 230.0, 1190.0, 426.0], 0.798637330532074, 0.0
150, N/A, [5.0, 3.0, 1008.0, 713.0], 0.9168470501899719, 0.0
150, N/A, [794.0, 208.0, 1012.0, 423.0], 0.8420735001564026, 0.0
150, N/A, [1000.0, 231.0, 1191.0, 428.0], 0.8094478249549866, 0.0
151, N/A, [6.0, 3.0, 1008.0, 712.0], 0.9145910143852234, 0.0
151, N/A, [794.0, 207.0, 1010.0, 424.0], 0.8650374412536621, 0.0
151, N/A, [1001.0, 232.0, 1190.0, 425.0], 0.8118301630020142, 0.0
152, N/A, [8.0, 4.0, 1007.0, 712.0], 0.9127231240272522, 0.0
152, N/A, [796.0, 204.0, 1013.0, 426.0], 0.8725727200508118, 0.0
152, N/A, [1005.0, 231.0, 1188.0, 422.0], 0.7774913907051086, 0.0
153, N/A, [7.0, 3.0, 1005.0, 712.0], 0.9145042896270752, 0.0
153, N/A, [797.0, 203.0, 1013.0, 426.0], 0.8766487240791321, 0.0
153, N/A, [1008.0, 229.0, 1189.0, 423.0], 0.7714970111846924, 0.0
154, N/A, [8.0, 4.0, 1001.0, 712.0], 0.912872314453125, 0.0
154, N/A, [792.0, 206.0, 1012.0, 424.0], 0.8602410554885864, 0.0
154, N/A, [1004.0, 231.0, 1188.0, 428.0], 0.7625964283943176, 0.0
155, N/A, [0.0, 4.0, 1010.0, 713.0], 0.9131860136985779, 0.0
155, N/A, [794.0, 208.0, 1012.0, 426.0], 0.8585993051528931, 0.0
155, N/A, [1003.0, 234.0, 1188.0, 427.0], 0.78940749168396, 0.0
156, N/A, [7.0, 4.0, 1006.0, 712.0], 0.9122415781021118, 0.0
156, N/A, [795.0, 205.0, 1013.0, 426.0], 0.8712232708930969, 0.0
156, N/A, [1001.0, 232.0, 1187.0, 423.0], 0.7663660049438477, 0.0
157, N/A, [8.0, 3.0, 1007.0, 712.0], 0.9112020134925842, 0.0
157, N/A, [798.0, 202.0, 1014.0, 426.0], 0.8609682321548462, 0.0
157, N/A, [997.0, 230.0, 1187.0, 421.0], 0.7368528842926025, 0.0
158, N/A, [7.0, 4.0, 1008.0, 712.0], 0.9135798215866089, 0.0
158, N/A, [793.0, 204.0, 1013.0, 427.0], 0.8763099908828735, 0.0
158, N/A, [993.0, 230.0, 1187.0, 425.0], 0.7525078654289246, 0.0
159, N/A, [7.0, 4.0, 1004.0, 712.0], 0.9106611609458923, 0.0
159, N/A, [793.0, 207.0, 1011.0, 428.0], 0.8575908541679382, 0.0
159, N/A, [993.0, 230.0, 1188.0, 427.0], 0.8006333112716675, 0.0
160, N/A, [0.0, 4.0, 1012.0, 714.0], 0.9126501083374023, 0.0
160, N/A, [792.0, 207.0, 1011.0, 427.0], 0.8537686467170715, 0.0
160, N/A, [995.0, 232.0, 1188.0, 426.0], 0.7980659604072571, 0.0
161, N/A, [0.0, 3.0, 1018.0, 714.0], 0.9120845794677734, 0.0
161, N/A, [792.0, 207.0, 1014.0, 428.0], 0.8665642738342285, 0.0
161, N/A, [997.0, 232.0, 1187.0, 419.0], 0.7361935973167419, 0.0
162, N/A, [0.0, 3.0, 1012.0, 713.0], 0.9161428809165955, 0.0
162, N/A, [796.0, 203.0, 1007.0, 419.0], 0.8297319412231445, 0.0
162, N/A, [990.0, 228.0, 1189.0, 418.0], 0.741661787033081, 0.0
163, N/A, [0.0, 3.0, 1002.0, 713.0], 0.9199764132499695, 0.0
163, N/A, [793.0, 204.0, 1013.0, 425.0], 0.8562505841255188, 0.0
163, N/A, [989.0, 228.0, 1189.0, 421.0], 0.7330760955810547, 0.0
164, N/A, [0.0, 5.0, 1000.0, 713.0], 0.9190234541893005, 0.0
164, N/A, [792.0, 210.0, 1012.0, 428.0], 0.8624389171600342, 0.0
164, N/A, [992.0, 236.0, 1190.0, 428.0], 0.8083353042602539, 0.0
165, N/A, [8.0, 5.0, 998.0, 712.0], 0.9151735305786133, 0.0
165, N/A, [789.0, 209.0, 1012.0, 427.0], 0.8711079955101013, 0.0
165, N/A, [994.0, 237.0, 1190.0, 425.0], 0.8117440938949585, 0.0
166, N/A, [8.0, 4.0, 999.0, 712.0], 0.915215015411377, 0.0
166, N/A, [792.0, 203.0, 1013.0, 427.0], 0.8733310699462891, 0.0
166, N/A, [997.0, 231.0, 1188.0, 418.0], 0.7767462134361267, 0.0
167, N/A, [6.0, 4.0, 1002.0, 712.0], 0.9138205647468567, 0.0
167, N/A, [795.0, 200.0, 1012.0, 426.0], 0.864486575126648, 0.0
167, N/A, [995.0, 229.0, 1188.0, 416.0], 0.7549029588699341, 0.0
168, N/A, [6.0, 5.0, 1000.0, 712.0], 0.9144971370697021, 0.0
168, N/A, [790.0, 204.0, 1010.0, 427.0], 0.8400552868843079, 0.0
168, N/A, [993.0, 230.0, 1189.0, 423.0], 0.7674700021743774, 0.0
169, N/A, [7.0, 6.0, 1006.0, 712.0], 0.9143383502960205, 0.0
169, N/A, [788.0, 208.0, 1011.0, 432.0], 0.8416525721549988, 0.0
169, N/A, [993.0, 236.0, 1185.0, 420.0], 0.7688775658607483, 0.0
170, N/A, [7.0, 5.0, 999.0, 712.0], 0.9137877225875854, 0.0
170, N/A, [792.0, 202.0, 1007.0, 425.0], 0.8563862442970276, 0.0
170, N/A, [994.0, 235.0, 1184.0, 419.0], 0.7541103959083557, 0.0
171, N/A, [6.0, 5.0, 997.0, 712.0], 0.9174385070800781, 0.0
171, N/A, [790.0, 196.0, 1010.0, 426.0], 0.8460041880607605, 0.0
171, N/A, [993.0, 226.0, 1183.0, 415.0], 0.7367569804191589, 0.0
172, N/A, [8.0, 5.0, 997.0, 712.0], 0.9136056303977966, 0.0
172, N/A, [791.0, 197.0, 1008.0, 425.0], 0.8433247804641724, 0.0
172, N/A, [993.0, 227.0, 1182.0, 414.0], 0.7666835784912109, 0.0
173, N/A, [6.0, 5.0, 997.0, 713.0], 0.9121361374855042, 0.0
173, N/A, [791.0, 203.0, 1006.0, 433.0], 0.8382584452629089, 0.0
173, N/A, [994.0, 235.0, 1179.0, 412.0], 0.8291029334068298, 0.0
174, N/A, [6.0, 5.0, 1000.0, 712.0], 0.9119186997413635, 0.0
174, N/A, [792.0, 197.0, 1005.0, 422.0], 0.8599473834037781, 0.0
174, N/A, [994.0, 230.0, 1178.0, 415.0], 0.8417655825614929, 0.0
175, N/A, [6.0, 5.0, 999.0, 712.0], 0.9134327173233032, 0.0
175, N/A, [791.0, 193.0, 1007.0, 424.0], 0.8563107252120972, 0.0
175, N/A, [996.0, 228.0, 1177.0, 418.0], 0.8530709743499756, 0.0
176, N/A, [0.0, 7.0, 1001.0, 713.0], 0.9171109199523926, 0.0
176, N/A, [791.0, 201.0, 1005.0, 430.0], 0.8424564599990845, 0.0
176, N/A, [998.0, 233.0, 1176.0, 431.0], 0.8379148840904236, 0.0
177, N/A, [8.0, 7.0, 995.0, 712.0], 0.9150638580322266, 0.0
177, N/A, [786.0, 202.0, 1004.0, 428.0], 0.8320164084434509, 0.0
177, N/A, [998.0, 234.0, 1175.0, 426.0], 0.8238369822502136, 0.0
178, N/A, [0.0, 6.0, 1001.0, 713.0], 0.9210636019706726, 0.0
178, N/A, [787.0, 192.0, 1004.0, 422.0], 0.8397253751754761, 0.0
178, N/A, [1001.0, 226.0, 1175.0, 421.0], 0.8385193347930908, 0.0
179, N/A, [0.0, 5.0, 1005.0, 712.0], 0.9173427820205688, 0.0
179, N/A, [786.0, 191.0, 1005.0, 425.0], 0.8461678624153137, 0.0
179, N/A, [1001.0, 226.0, 1175.0, 421.0], 0.8377098441123962, 0.0
180, N/A, [0.0, 6.0, 999.0, 713.0], 0.9175567030906677, 0.0
180, N/A, [787.0, 198.0, 1005.0, 432.0], 0.8445184230804443, 0.0
180, N/A, [1003.0, 232.0, 1176.0, 427.0], 0.7571600079536438, 0.0
181, N/A, [6.0, 6.0, 996.0, 712.0], 0.9106599688529968, 0.0
181, N/A, [790.0, 194.0, 1004.0, 428.0], 0.8567867279052734, 0.0
181, N/A, [1002.0, 232.0, 1174.0, 427.0], 0.8206853866577148, 0.0
182, N/A, [0.0, 5.0, 1022.0, 714.0], 0.9115825891494751, 0.0
182, N/A, [789.0, 187.0, 1006.0, 425.0], 0.8588042855262756, 0.0
182, N/A, [1002.0, 226.0, 1175.0, 421.0], 0.8169863820075989, 0.0
183, N/A, [0.0, 4.0, 1006.0, 713.0], 0.9184892177581787, 0.0
183, N/A, [788.0, 187.0, 1006.0, 427.0], 0.8537654280662537, 0.0
183, N/A, [1001.0, 224.0, 1177.0, 421.0], 0.8318405747413635, 0.0
184, N/A, [10.0, 4.0, 1001.0, 714.0], 0.9190287590026855, 0.0
184, N/A, [791.0, 190.0, 1005.0, 427.0], 0.8498156070709229, 0.0
184, N/A, [1002.0, 227.0, 1175.0, 422.0], 0.8161487579345703, 0.0
185, N/A, [12.0, 3.0, 1015.0, 714.0], 0.9102175831794739, 0.0
185, N/A, [792.0, 189.0, 1005.0, 424.0], 0.8404499292373657, 0.0
185, N/A, [1002.0, 227.0, 1175.0, 420.0], 0.832131028175354, 0.0
186, N/A, [17.0, 3.0, 1021.0, 712.0], 0.9141970276832581, 0.0
186, N/A, [797.0, 188.0, 1005.0, 422.0], 0.8385547995567322, 0.0
186, N/A, [999.0, 224.0, 1179.0, 422.0], 0.8376816511154175, 0.0
187, N/A, [21.0, 3.0, 1027.0, 713.0], 0.9007481336593628, 0.0
187, N/A, [801.0, 190.0, 1005.0, 419.0], 0.8568854928016663, 0.0
187, N/A, [999.0, 226.0, 1179.0, 429.0], 0.8509989976882935, 0.0
188, N/A, [34.0, 4.0, 1041.0, 713.0], 0.9085450172424316, 0.0
188, N/A, [810.0, 192.0, 1006.0, 419.0], 0.852222204208374, 0.0
188, N/A, [999.0, 229.0, 1177.0, 426.0], 0.8414169549942017, 0.0
189, N/A, [83.0, 5.0, 1040.0, 712.0], 0.9041441679000854, 0.0
189, N/A, [998.0, 222.0, 1178.0, 424.0], 0.8519518971443176, 0.0
189, N/A, [831.0, 188.0, 1004.0, 416.0], 0.7650884985923767, 0.0
190, N/A, [73.0, 5.0, 1044.0, 712.0], 0.9014065265655518, 0.0
190, N/A, [998.0, 218.0, 1179.0, 417.0], 0.8237829208374023, 0.0
190, N/A, [849.0, 185.0, 1007.0, 417.0], 0.7694273591041565, 0.0
191, N/A, [45.0, 4.0, 1048.0, 711.0], 0.9230989217758179, 0.0
191, N/A, [997.0, 227.0, 1179.0, 430.0], 0.8372561931610107, 0.0
191, N/A, [857.0, 193.0, 1005.0, 419.0], 0.7990555167198181, 0.0
191, N/A, [1139.0, 26.0, 1280.0, 708.0], 0.5017712116241455, 0.0
192, N/A, [55.0, 4.0, 1050.0, 712.0], 0.9234296083450317, 0.0
192, N/A, [997.0, 230.0, 1180.0, 428.0], 0.8282414078712463, 0.0
192, N/A, [862.0, 200.0, 1008.0, 423.0], 0.8211826086044312, 0.0
193, N/A, [70.0, 3.0, 1055.0, 710.0], 0.9181180000305176, 0.0
193, N/A, [995.0, 225.0, 1179.0, 420.0], 0.8403179049491882, 0.0
193, N/A, [864.0, 193.0, 1006.0, 417.0], 0.8052331209182739, 0.0
193, N/A, [1142.0, 22.0, 1280.0, 703.0], 0.5543323755264282, 0.0
194, N/A, [114.0, 3.0, 1068.0, 711.0], 0.9191015958786011, 0.0
194, N/A, [994.0, 215.0, 1180.0, 410.0], 0.8160912990570068, 0.0
194, N/A, [867.0, 183.0, 1005.0, 412.0], 0.7888911962509155, 0.0
194, N/A, [1143.0, 12.0, 1280.0, 701.0], 0.5575577020645142, 0.0
195, N/A, [155.0, 4.0, 1068.0, 711.0], 0.940960705280304, 0.0
195, N/A, [994.0, 215.0, 1181.0, 424.0], 0.8453735709190369, 0.0
195, N/A, [870.0, 188.0, 1008.0, 416.0], 0.8207565546035767, 0.0
195, N/A, [1145.0, 18.0, 1280.0, 707.0], 0.6297620534896851, 0.0
196, N/A, [197.0, 4.0, 1075.0, 712.0], 0.9385864734649658, 0.0
196, N/A, [994.0, 232.0, 1180.0, 432.0], 0.8166719675064087, 0.0
196, N/A, [868.0, 202.0, 1006.0, 427.0], 0.780458927154541, 0.0
196, N/A, [1139.0, 23.0, 1280.0, 707.0], 0.5821906328201294, 0.0
197, N/A, [239.0, 5.0, 1091.0, 713.0], 0.9393405318260193, 0.0
197, N/A, [996.0, 231.0, 1178.0, 427.0], 0.8413112163543701, 0.0
197, N/A, [870.0, 199.0, 1008.0, 431.0], 0.7056815028190613, 0.0
197, N/A, [1142.0, 27.0, 1280.0, 708.0], 0.6387733221054077, 0.0
198, N/A, [270.0, 6.0, 1093.0, 711.0], 0.927239716053009, 0.0
198, N/A, [996.0, 216.0, 1179.0, 417.0], 0.8361515998840332, 0.0
198, N/A, [1138.0, 22.0, 1280.0, 705.0], 0.5071902275085449, 0.0
199, N/A, [294.0, 5.0, 1097.0, 711.0], 0.9369492530822754, 0.0
199, N/A, [995.0, 217.0, 1180.0, 427.0], 0.6685889363288879, 0.0
199, N/A, [1138.0, 26.0, 1280.0, 707.0], 0.5163723230361938, 0.0
200, N/A, [313.0, 6.0, 1099.0, 712.0], 0.9462113976478577, 0.0
200, N/A, [997.0, 230.0, 1177.0, 436.0], 0.8031525015830994, 0.0
200, N/A, [1137.0, 52.0, 1280.0, 706.0], 0.5103853344917297, 0.0
201, N/A, [326.0, 5.0, 1108.0, 714.0], 0.944182813167572, 0.0
201, N/A, [997.0, 229.0, 1176.0, 434.0], 0.7271113395690918, 0.0
201, N/A, [1136.0, 30.0, 1280.0, 706.0], 0.5292657613754272, 0.0
202, N/A, [336.0, 5.0, 1122.0, 713.0], 0.9447481632232666, 0.0
202, N/A, [1007.0, 216.0, 1184.0, 694.0], 0.6591463685035706, 0.0
202, N/A, [1141.0, 30.0, 1280.0, 706.0], 0.6161893010139465, 0.0
203, N/A, [354.0, 5.0, 1121.0, 713.0], 0.9387266635894775, 0.0
203, N/A, [1020.0, 216.0, 1177.0, 431.0], 0.7402389049530029, 0.0
203, N/A, [1143.0, 21.0, 1280.0, 710.0], 0.64406818151474, 0.0
204, N/A, [375.0, 6.0, 1129.0, 714.0], 0.9457637071609497, 0.0
204, N/A, [1011.0, 224.0, 1177.0, 435.0], 0.794029951095581, 0.0
204, N/A, [1143.0, 14.0, 1280.0, 713.0], 0.5707868933677673, 0.0
205, N/A, [390.0, 5.0, 1133.0, 711.0], 0.9399063587188721, 0.0
205, N/A, [1025.0, 224.0, 1176.0, 431.0], 0.7366759181022644, 0.0
205, N/A, [1144.0, 12.0, 1280.0, 707.0], 0.531075656414032, 0.0
206, N/A, [405.0, 4.0, 1140.0, 711.0], 0.9374144673347473, 0.0
206, N/A, [1026.0, 219.0, 1174.0, 428.0], 0.7939757108688354, 0.0
206, N/A, [1147.0, 10.0, 1280.0, 709.0], 0.6090957522392273, 0.0
207, N/A, [418.0, 4.0, 1141.0, 711.0], 0.9369434118270874, 0.0
207, N/A, [1022.0, 220.0, 1176.0, 432.0], 0.7944575548171997, 0.0
207, N/A, [1146.0, 12.0, 1280.0, 712.0], 0.6648368239402771, 0.0
208, N/A, [419.0, 3.0, 1144.0, 711.0], 0.9349241852760315, 0.0
208, N/A, [1020.0, 222.0, 1176.0, 432.0], 0.7679471969604492, 0.0
208, N/A, [1145.0, 12.0, 1280.0, 710.0], 0.5917315483093262, 0.0
209, N/A, [419.0, 5.0, 1145.0, 711.0], 0.9389857053756714, 0.0
209, N/A, [1027.0, 219.0, 1176.0, 427.0], 0.7773050665855408, 0.0
209, N/A, [1147.0, 23.0, 1280.0, 709.0], 0.6991044878959656, 0.0
210, N/A, [419.0, 4.0, 1146.0, 711.0], 0.9345325231552124, 0.0
210, N/A, [1148.0, 20.0, 1280.0, 708.0], 0.7278260588645935, 0.0
210, N/A, [1024.0, 215.0, 1176.0, 426.0], 0.7209278345108032, 0.0
211, N/A, [416.0, 4.0, 1139.0, 711.0], 0.9313772916793823, 0.0
211, N/A, [1023.0, 224.0, 1174.0, 435.0], 0.7053560614585876, 0.0
211, N/A, [1149.0, 13.0, 1280.0, 709.0], 0.6745690107345581, 0.0
212, N/A, [409.0, 3.0, 1134.0, 711.0], 0.9306765198707581, 0.0
212, N/A, [1027.0, 231.0, 1174.0, 437.0], 0.6567367911338806, 0.0
212, N/A, [1148.0, 7.0, 1280.0, 709.0], 0.6132487654685974, 0.0
213, N/A, [402.0, 3.0, 1133.0, 711.0], 0.9389394521713257, 0.0
213, N/A, [1022.0, 221.0, 1175.0, 431.0], 0.708879828453064, 0.0
213, N/A, [1149.0, 12.0, 1280.0, 706.0], 0.5692237019538879, 0.0
214, N/A, [401.0, 5.0, 1121.0, 711.0], 0.8884287476539612, 0.0
214, N/A, [1149.0, 15.0, 1280.0, 705.0], 0.7017771601676941, 0.0
214, N/A, [1028.0, 215.0, 1174.0, 425.0], 0.6765032410621643, 0.0
215, N/A, [398.0, 3.0, 1125.0, 711.0], 0.8984037637710571, 0.0
215, N/A, [1149.0, 14.0, 1280.0, 706.0], 0.7050052881240845, 0.0
215, N/A, [1024.0, 216.0, 1175.0, 429.0], 0.6360208988189697, 0.0
216, N/A, [397.0, 3.0, 1118.0, 712.0], 0.9331471920013428, 0.0
216, N/A, [1011.0, 222.0, 1176.0, 435.0], 0.7125589847564697, 0.0
216, N/A, [1150.0, 20.0, 1280.0, 706.0], 0.6912418603897095, 0.0
217, N/A, [396.0, 3.0, 1097.0, 712.0], 0.8919599652290344, 0.0
217, N/A, [1008.0, 225.0, 1176.0, 436.0], 0.7633328437805176, 0.0
217, N/A, [1151.0, 24.0, 1280.0, 706.0], 0.6291133165359497, 0.0
218, N/A, [393.0, 4.0, 1076.0, 712.0], 0.8977658152580261, 0.0
218, N/A, [1003.0, 226.0, 1176.0, 433.0], 0.7742319703102112, 0.0
218, N/A, [1151.0, 22.0, 1280.0, 706.0], 0.6543285250663757, 0.0
218, N/A, [865.0, 195.0, 1022.0, 364.0], 0.6513533592224121, 0.0
219, N/A, [389.0, 4.0, 1112.0, 711.0], 0.9041648507118225, 0.0
219, N/A, [1001.0, 218.0, 1176.0, 427.0], 0.8393851518630981, 0.0
219, N/A, [1151.0, 15.0, 1280.0, 707.0], 0.742354691028595, 0.0
219, N/A, [866.0, 190.0, 1016.0, 365.0], 0.7320384979248047, 0.0
220, N/A, [386.0, 3.0, 1109.0, 711.0], 0.9376511573791504, 0.0
220, N/A, [997.0, 218.0, 1176.0, 426.0], 0.8504425287246704, 0.0
220, N/A, [870.0, 191.0, 1010.0, 360.0], 0.7418099641799927, 0.0
220, N/A, [1152.0, 15.0, 1280.0, 707.0], 0.7409853935241699, 0.0
221, N/A, [383.0, 3.0, 1102.0, 711.0], 0.922989010810852, 0.0
221, N/A, [999.0, 224.0, 1178.0, 431.0], 0.8582945466041565, 0.0
221, N/A, [1152.0, 15.0, 1280.0, 705.0], 0.7438047528266907, 0.0
221, N/A, [868.0, 195.0, 1007.0, 367.0], 0.7093338370323181, 0.0
222, N/A, [383.0, 3.0, 1100.0, 711.0], 0.9397076964378357, 0.0
222, N/A, [997.0, 227.0, 1179.0, 431.0], 0.8663833141326904, 0.0
222, N/A, [1152.0, 17.0, 1280.0, 704.0], 0.7491010427474976, 0.0
222, N/A, [866.0, 198.0, 1001.0, 377.0], 0.7329059839248657, 0.0
223, N/A, [381.0, 3.0, 1101.0, 711.0], 0.9329721331596375, 0.0
223, N/A, [996.0, 227.0, 1179.0, 428.0], 0.872967541217804, 0.0
223, N/A, [1152.0, 16.0, 1280.0, 705.0], 0.7448522448539734, 0.0
223, N/A, [865.0, 197.0, 1002.0, 368.0], 0.7206441760063171, 0.0
224, N/A, [380.0, 4.0, 1100.0, 711.0], 0.9299757480621338, 0.0
224, N/A, [995.0, 218.0, 1180.0, 424.0], 0.86468106508255, 0.0
224, N/A, [1152.0, 15.0, 1280.0, 703.0], 0.737700879573822, 0.0
224, N/A, [862.0, 191.0, 1005.0, 369.0], 0.7064910531044006, 0.0
225, N/A, [382.0, 4.0, 1037.0, 712.0], 0.9175079464912415, 0.0
225, N/A, [996.0, 217.0, 1181.0, 423.0], 0.8644267320632935, 0.0
225, N/A, [1152.0, 14.0, 1280.0, 701.0], 0.7344825863838196, 0.0
225, N/A, [863.0, 189.0, 1002.0, 375.0], 0.6544893383979797, 0.0
226, N/A, [382.0, 5.0, 1093.0, 712.0], 0.9348832964897156, 0.0
226, N/A, [997.0, 227.0, 1181.0, 431.0], 0.8627777099609375, 0.0
226, N/A, [1152.0, 15.0, 1280.0, 696.0], 0.7039240598678589, 0.0
226, N/A, [861.0, 196.0, 1002.0, 396.0], 0.6801871657371521, 0.0
227, N/A, [380.0, 4.0, 1093.0, 711.0], 0.9211059808731079, 0.0
227, N/A, [997.0, 230.0, 1179.0, 430.0], 0.8603616952896118, 0.0
227, N/A, [863.0, 200.0, 1003.0, 391.0], 0.6689193248748779, 0.0
227, N/A, [1151.0, 17.0, 1280.0, 698.0], 0.653508722782135, 0.0
228, N/A, [379.0, 5.0, 1095.0, 711.0], 0.9170556664466858, 0.0
228, N/A, [997.0, 219.0, 1182.0, 423.0], 0.8683873414993286, 0.0
228, N/A, [1151.0, 15.0, 1280.0, 707.0], 0.7065609097480774, 0.0
228, N/A, [867.0, 192.0, 1003.0, 383.0], 0.6731360554695129, 0.0
229, N/A, [379.0, 5.0, 1090.0, 712.0], 0.906770646572113, 0.0
229, N/A, [995.0, 215.0, 1182.0, 423.0], 0.8614023923873901, 0.0
229, N/A, [1152.0, 13.0, 1280.0, 705.0], 0.7372089624404907, 0.0
229, N/A, [863.0, 188.0, 1002.0, 377.0], 0.6012911200523376, 0.0
230, N/A, [382.0, 5.0, 1095.0, 713.0], 0.9371887445449829, 0.0
230, N/A, [995.0, 227.0, 1182.0, 432.0], 0.8488070964813232, 0.0
230, N/A, [1150.0, 15.0, 1280.0, 697.0], 0.7167242765426636, 0.0
230, N/A, [863.0, 195.0, 1002.0, 389.0], 0.5957119464874268, 0.0
231, N/A, [384.0, 4.0, 1096.0, 711.0], 0.9337253570556641, 0.0
231, N/A, [996.0, 232.0, 1180.0, 435.0], 0.8585667014122009, 0.0
231, N/A, [1147.0, 15.0, 1280.0, 697.0], 0.7376729846000671, 0.0
231, N/A, [858.0, 202.0, 1003.0, 395.0], 0.608150064945221, 0.0
232, N/A, [384.0, 5.0, 1104.0, 712.0], 0.9318093657493591, 0.0
232, N/A, [995.0, 223.0, 1182.0, 425.0], 0.8261958956718445, 0.0
232, N/A, [1147.0, 18.0, 1280.0, 693.0], 0.7518980503082275, 0.0
232, N/A, [844.0, 193.0, 1000.0, 377.0], 0.639536440372467, 0.0
233, N/A, [385.0, 3.0, 1101.0, 712.0], 0.9298771023750305, 0.0
233, N/A, [994.0, 213.0, 1182.0, 416.0], 0.8527083396911621, 0.0
233, N/A, [1149.0, 14.0, 1280.0, 696.0], 0.7629820704460144, 0.0
233, N/A, [857.0, 185.0, 1001.0, 365.0], 0.6563436388969421, 0.0
234, N/A, [388.0, 4.0, 1101.0, 712.0], 0.9378266334533691, 0.0
234, N/A, [998.0, 217.0, 1184.0, 429.0], 0.8528260588645935, 0.0
234, N/A, [1149.0, 18.0, 1280.0, 703.0], 0.7551642060279846, 0.0
234, N/A, [858.0, 192.0, 1000.0, 376.0], 0.6213429570198059, 0.0
235, N/A, [390.0, 4.0, 1097.0, 712.0], 0.9294773936271667, 0.0
235, N/A, [994.0, 234.0, 1178.0, 439.0], 0.847922146320343, 0.0
235, N/A, [857.0, 204.0, 998.0, 388.0], 0.7516164779663086, 0.0
235, N/A, [1150.0, 18.0, 1280.0, 704.0], 0.7327221632003784, 0.0
236, N/A, [386.0, 4.0, 1102.0, 711.0], 0.9171995520591736, 0.0
236, N/A, [996.0, 231.0, 1177.0, 429.0], 0.8263775706291199, 0.0
236, N/A, [1150.0, 16.0, 1280.0, 700.0], 0.7466608881950378, 0.0
236, N/A, [864.0, 201.0, 1007.0, 383.0], 0.6614386439323425, 0.0
237, N/A, [387.0, 4.0, 1102.0, 712.0], 0.9290485382080078, 0.0
237, N/A, [995.0, 216.0, 1177.0, 422.0], 0.8379486203193665, 0.0
237, N/A, [1151.0, 12.0, 1280.0, 704.0], 0.7284052968025208, 0.0
237, N/A, [868.0, 188.0, 1018.0, 355.0], 0.6475503444671631, 0.0
238, N/A, [387.0, 5.0, 1102.0, 713.0], 0.9416135549545288, 0.0
238, N/A, [998.0, 217.0, 1176.0, 424.0], 0.8319383263587952, 0.0
238, N/A, [1151.0, 12.0, 1280.0, 697.0], 0.7510536313056946, 0.0
238, N/A, [861.0, 187.0, 1005.0, 369.0], 0.6868303418159485, 0.0
239, N/A, [386.0, 4.0, 1102.0, 713.0], 0.9403186440467834, 0.0
239, N/A, [997.0, 231.0, 1172.0, 432.0], 0.8279803395271301, 0.0
239, N/A, [1151.0, 16.0, 1280.0, 706.0], 0.7443860173225403, 0.0
239, N/A, [863.0, 197.0, 999.0, 375.0], 0.6883097290992737, 0.0
240, N/A, [381.0, 4.0, 1104.0, 713.0], 0.9415137767791748, 0.0
240, N/A, [998.0, 231.0, 1171.0, 432.0], 0.8283411860466003, 0.0
240, N/A, [1150.0, 16.0, 1280.0, 708.0], 0.7049906849861145, 0.0
240, N/A, [865.0, 200.0, 1004.0, 384.0], 0.6330135464668274, 0.0
241, N/A, [371.0, 4.0, 1105.0, 712.0], 0.930134117603302, 0.0
241, N/A, [995.0, 227.0, 1170.0, 426.0], 0.8444260954856873, 0.0
241, N/A, [1150.0, 15.0, 1280.0, 705.0], 0.7084071040153503, 0.0
241, N/A, [860.0, 192.0, 1005.0, 368.0], 0.6165309548377991, 0.0
242, N/A, [358.0, 4.0, 1102.0, 712.0], 0.929002046585083, 0.0
242, N/A, [999.0, 228.0, 1167.0, 425.0], 0.8408055901527405, 0.0
242, N/A, [1150.0, 14.0, 1280.0, 708.0], 0.7047688364982605, 0.0
242, N/A, [861.0, 191.0, 1003.0, 370.0], 0.6698066592216492, 0.0
243, N/A, [347.0, 5.0, 1104.0, 713.0], 0.9330726861953735, 0.0
243, N/A, [1000.0, 229.0, 1163.0, 434.0], 0.8336678147315979, 0.0
243, N/A, [1146.0, 8.0, 1280.0, 708.0], 0.6261805891990662, 0.0
243, N/A, [848.0, 195.0, 1002.0, 381.0], 0.6195412278175354, 0.0
244, N/A, [336.0, 5.0, 1103.0, 713.0], 0.9297159910202026, 0.0
244, N/A, [999.0, 234.0, 1160.0, 434.0], 0.841252326965332, 0.0
244, N/A, [1146.0, 8.0, 1280.0, 707.0], 0.660912811756134, 0.0
244, N/A, [856.0, 199.0, 1001.0, 386.0], 0.6569346785545349, 0.0
245, N/A, [332.0, 5.0, 1104.0, 712.0], 0.922808825969696, 0.0
245, N/A, [998.0, 234.0, 1159.0, 435.0], 0.8355393409729004, 0.0
245, N/A, [854.0, 196.0, 1004.0, 375.0], 0.6860371828079224, 0.0
245, N/A, [1146.0, 9.0, 1280.0, 706.0], 0.6346080303192139, 0.0
246, N/A, [329.0, 5.0, 1102.0, 712.0], 0.9164779782295227, 0.0
246, N/A, [999.0, 232.0, 1158.0, 430.0], 0.8299823999404907, 0.0
246, N/A, [1149.0, 15.0, 1280.0, 706.0], 0.730806827545166, 0.0
246, N/A, [860.0, 192.0, 1005.0, 377.0], 0.6834228038787842, 0.0
247, N/A, [328.0, 5.0, 1093.0, 712.0], 0.9026328921318054, 0.0
247, N/A, [1000.0, 232.0, 1157.0, 430.0], 0.8268251419067383, 0.0
247, N/A, [1146.0, 11.0, 1280.0, 704.0], 0.7041268348693848, 0.0
247, N/A, [860.0, 192.0, 1007.0, 382.0], 0.6983146667480469, 0.0
248, N/A, [330.0, 5.0, 1096.0, 712.0], 0.9071831107139587, 0.0
248, N/A, [1001.0, 236.0, 1155.0, 433.0], 0.8286833167076111, 0.0
248, N/A, [856.0, 195.0, 1005.0, 389.0], 0.762401819229126, 0.0
248, N/A, [1149.0, 18.0, 1280.0, 707.0], 0.7106984853744507, 0.0
249, N/A, [333.0, 5.0, 1093.0, 712.0], 0.9054285287857056, 0.0
249, N/A, [1001.0, 237.0, 1153.0, 432.0], 0.8304957151412964, 0.0
249, N/A, [857.0, 196.0, 1005.0, 389.0], 0.7787977457046509, 0.0
249, N/A, [1149.0, 18.0, 1280.0, 706.0], 0.752106249332428, 0.0
250, N/A, [337.0, 5.0, 1093.0, 712.0], 0.9046925902366638, 0.0
250, N/A, [1000.0, 235.0, 1152.0, 428.0], 0.8253772854804993, 0.0
250, N/A, [1148.0, 16.0, 1280.0, 707.0], 0.7117831707000732, 0.0
250, N/A, [860.0, 193.0, 1004.0, 378.0], 0.710746705532074, 0.0
251, N/A, [344.0, 4.0, 1080.0, 710.0], 0.8907080888748169, 0.0
251, N/A, [999.0, 235.0, 1151.0, 428.0], 0.8245492577552795, 0.0
251, N/A, [857.0, 192.0, 1003.0, 380.0], 0.7278885841369629, 0.0
251, N/A, [1144.0, 10.0, 1280.0, 704.0], 0.6905142664909363, 0.0
252, N/A, [346.0, 5.0, 1061.0, 711.0], 0.9046206474304199, 0.0
252, N/A, [999.0, 238.0, 1151.0, 432.0], 0.7988210320472717, 0.0
252, N/A, [857.0, 194.0, 1005.0, 382.0], 0.7189867496490479, 0.0
252, N/A, [1141.0, 11.0, 1280.0, 702.0], 0.674807071685791, 0.0
253, N/A, [353.0, 5.0, 1048.0, 710.0], 0.909599244594574, 0.0
253, N/A, [999.0, 243.0, 1152.0, 431.0], 0.7985221147537231, 0.0
253, N/A, [860.0, 196.0, 1005.0, 386.0], 0.7147847414016724, 0.0
253, N/A, [1140.0, 12.0, 1280.0, 701.0], 0.6210265755653381, 0.0
254, N/A, [360.0, 5.0, 1046.0, 711.0], 0.9068455696105957, 0.0
254, N/A, [998.0, 242.0, 1151.0, 433.0], 0.7927312254905701, 0.0
254, N/A, [866.0, 193.0, 1002.0, 379.0], 0.6777030825614929, 0.0
254, N/A, [1141.0, 9.0, 1280.0, 702.0], 0.6326074004173279, 0.0
255, N/A, [362.0, 5.0, 1055.0, 710.0], 0.9018431901931763, 0.0
255, N/A, [998.0, 242.0, 1147.0, 427.0], 0.7814681529998779, 0.0
255, N/A, [868.0, 191.0, 1002.0, 375.0], 0.7472836375236511, 0.0
255, N/A, [1139.0, 9.0, 1280.0, 703.0], 0.6596020460128784, 0.0
256, N/A, [364.0, 5.0, 1057.0, 711.0], 0.9034736156463623, 0.0
256, N/A, [995.0, 244.0, 1152.0, 429.0], 0.7907376289367676, 0.0
256, N/A, [856.0, 192.0, 1004.0, 376.0], 0.7104352712631226, 0.0
256, N/A, [1135.0, 10.0, 1280.0, 703.0], 0.6250097155570984, 0.0
257, N/A, [364.0, 5.0, 1073.0, 711.0], 0.9004425406455994, 0.0
257, N/A, [995.0, 244.0, 1152.0, 427.0], 0.8072013854980469, 0.0
257, N/A, [862.0, 192.0, 1000.0, 377.0], 0.643861711025238, 0.0
257, N/A, [1136.0, 11.0, 1280.0, 706.0], 0.5412520170211792, 0.0
258, N/A, [363.0, 5.0, 1058.0, 711.0], 0.9035362005233765, 0.0
258, N/A, [986.0, 245.0, 1150.0, 426.0], 0.7958853244781494, 0.0
258, N/A, [1142.0, 14.0, 1280.0, 704.0], 0.7005743980407715, 0.0
258, N/A, [853.0, 190.0, 1001.0, 371.0], 0.6885420083999634, 0.0
259, N/A, [362.0, 5.0, 1096.0, 711.0], 0.9175027012825012, 0.0
259, N/A, [982.0, 249.0, 1150.0, 427.0], 0.8122951984405518, 0.0
259, N/A, [844.0, 192.0, 998.0, 370.0], 0.6981745362281799, 0.0
259, N/A, [1137.0, 10.0, 1280.0, 704.0], 0.6387107372283936, 0.0
260, N/A, [361.0, 5.0, 1097.0, 712.0], 0.9184663891792297, 0.0
260, N/A, [992.0, 255.0, 1148.0, 432.0], 0.8229376077651978, 0.0
260, N/A, [843.0, 197.0, 1002.0, 390.0], 0.563800036907196, 0.0
260, N/A, [1136.0, 11.0, 1280.0, 703.0], 0.5460962057113647, 0.0
261, N/A, [364.0, 4.0, 1058.0, 711.0], 0.9081761837005615, 0.0
261, N/A, [990.0, 252.0, 1148.0, 427.0], 0.8296034932136536, 0.0
261, N/A, [841.0, 199.0, 1012.0, 419.0], 0.6126596331596375, 0.0
261, N/A, [1136.0, 12.0, 1280.0, 704.0], 0.5835148692131042, 0.0
262, N/A, [364.0, 4.0, 1035.0, 711.0], 0.9188533425331116, 0.0
262, N/A, [988.0, 249.0, 1148.0, 425.0], 0.8443431854248047, 0.0
262, N/A, [1135.0, 11.0, 1280.0, 702.0], 0.6491411924362183, 0.0
262, N/A, [842.0, 192.0, 1012.0, 419.0], 0.6208637356758118, 0.0
263, N/A, [364.0, 5.0, 1097.0, 711.0], 0.9221208691596985, 0.0
263, N/A, [983.0, 252.0, 1147.0, 429.0], 0.8216174840927124, 0.0
263, N/A, [1139.0, 16.0, 1280.0, 702.0], 0.6987688541412354, 0.0
263, N/A, [847.0, 193.0, 996.0, 368.0], 0.6849673390388489, 0.0
264, N/A, [363.0, 5.0, 1090.0, 713.0], 0.9316835999488831, 0.0
264, N/A, [982.0, 258.0, 1144.0, 430.0], 0.8203274607658386, 0.0
264, N/A, [1136.0, 10.0, 1280.0, 696.0], 0.6737679839134216, 0.0
264, N/A, [845.0, 197.0, 992.0, 372.0], 0.5978178977966309, 0.0
265, N/A, [363.0, 4.0, 1078.0, 711.0], 0.9048159122467041, 0.0
265, N/A, [981.0, 258.0, 1144.0, 428.0], 0.829448401927948, 0.0
265, N/A, [1135.0, 10.0, 1280.0, 699.0], 0.6943045258522034, 0.0
265, N/A, [840.0, 196.0, 995.0, 377.0], 0.6303470134735107, 0.0
266, N/A, [365.0, 4.0, 1049.0, 711.0], 0.9064253568649292, 0.0
266, N/A, [979.0, 256.0, 1143.0, 425.0], 0.8392787575721741, 0.0
266, N/A, [842.0, 192.0, 994.0, 375.0], 0.7105655670166016, 0.0
266, N/A, [1135.0, 11.0, 1280.0, 704.0], 0.6292433738708496, 0.0
267, N/A, [366.0, 4.0, 1079.0, 711.0], 0.9009519815444946, 0.0
267, N/A, [977.0, 257.0, 1143.0, 425.0], 0.8256781101226807, 0.0
267, N/A, [840.0, 193.0, 990.0, 372.0], 0.7477744817733765, 0.0
267, N/A, [1135.0, 12.0, 1280.0, 704.0], 0.6750515699386597, 0.0
268, N/A, [366.0, 5.0, 1092.0, 713.0], 0.9307501316070557, 0.0
268, N/A, [975.0, 262.0, 1143.0, 430.0], 0.8126722574234009, 0.0
268, N/A, [838.0, 193.0, 987.0, 374.0], 0.6715019941329956, 0.0
268, N/A, [1137.0, 19.0, 1280.0, 705.0], 0.6419114470481873, 0.0
269, N/A, [366.0, 5.0, 1089.0, 713.0], 0.9273955225944519, 0.0
269, N/A, [972.0, 263.0, 1143.0, 430.0], 0.8161463737487793, 0.0
269, N/A, [835.0, 193.0, 984.0, 376.0], 0.6642264723777771, 0.0
269, N/A, [1134.0, 13.0, 1280.0, 703.0], 0.6273775100708008, 0.0
270, N/A, [366.0, 4.0, 1066.0, 711.0], 0.8960517644882202, 0.0
270, N/A, [967.0, 262.0, 1144.0, 430.0], 0.8081865906715393, 0.0
270, N/A, [1138.0, 16.0, 1280.0, 704.0], 0.7465335130691528, 0.0
270, N/A, [832.0, 193.0, 983.0, 376.0], 0.6027486324310303, 0.0
271, N/A, [363.0, 5.0, 1085.0, 711.0], 0.8981624245643616, 0.0
271, N/A, [961.0, 261.0, 1144.0, 428.0], 0.8275958895683289, 0.0
271, N/A, [1137.0, 15.0, 1280.0, 704.0], 0.76139897108078, 0.0
271, N/A, [833.0, 190.0, 976.0, 367.0], 0.7139173746109009, 0.0
272, N/A, [363.0, 5.0, 1088.0, 711.0], 0.9120670557022095, 0.0
272, N/A, [961.0, 263.0, 1142.0, 429.0], 0.8438396453857422, 0.0
272, N/A, [1136.0, 15.0, 1280.0, 706.0], 0.7592006325721741, 0.0
272, N/A, [834.0, 191.0, 972.0, 364.0], 0.7339380979537964, 0.0
273, N/A, [363.0, 5.0, 1086.0, 712.0], 0.9277304410934448, 0.0
273, N/A, [959.0, 268.0, 1142.0, 433.0], 0.8390746116638184, 0.0
273, N/A, [836.0, 198.0, 966.0, 363.0], 0.627383291721344, 0.0
273, N/A, [1133.0, 12.0, 1280.0, 697.0], 0.5292845368385315, 0.0
274, N/A, [360.0, 5.0, 1085.0, 712.0], 0.9182716608047485, 0.0
274, N/A, [956.0, 269.0, 1142.0, 433.0], 0.8452489376068115, 0.0
274, N/A, [835.0, 198.0, 964.0, 363.0], 0.6579163074493408, 0.0
274, N/A, [1133.0, 12.0, 1280.0, 704.0], 0.5304388999938965, 0.0
275, N/A, [362.0, 4.0, 1076.0, 712.0], 0.9050886034965515, 0.0
275, N/A, [951.0, 265.0, 1141.0, 429.0], 0.8587369322776794, 0.0
275, N/A, [836.0, 194.0, 959.0, 354.0], 0.6964560151100159, 0.0
275, N/A, [1133.0, 12.0, 1280.0, 703.0], 0.6212307214736938, 0.0
276, N/A, [364.0, 4.0, 1072.0, 711.0], 0.9027584791183472, 0.0
276, N/A, [949.0, 265.0, 1141.0, 430.0], 0.8628950119018555, 0.0
276, N/A, [834.0, 194.0, 951.0, 350.0], 0.6768489480018616, 0.0
276, N/A, [1132.0, 12.0, 1280.0, 701.0], 0.6744032502174377, 0.0
277, N/A, [365.0, 5.0, 1085.0, 711.0], 0.9114257097244263, 0.0
277, N/A, [947.0, 268.0, 1139.0, 434.0], 0.8434988856315613, 0.0
277, N/A, [833.0, 200.0, 952.0, 357.0], 0.711746335029602, 0.0
277, N/A, [1131.0, 11.0, 1280.0, 705.0], 0.6022573709487915, 0.0
278, N/A, [363.0, 4.0, 1086.0, 711.0], 0.9222010374069214, 0.0
278, N/A, [947.0, 270.0, 1140.0, 435.0], 0.8473575711250305, 0.0
278, N/A, [829.0, 204.0, 952.0, 359.0], 0.5563496947288513, 0.0
278, N/A, [1131.0, 12.0, 1280.0, 702.0], 0.5105092525482178, 0.0
279, N/A, [361.0, 5.0, 1087.0, 710.0], 0.9047182202339172, 0.0
279, N/A, [946.0, 266.0, 1140.0, 431.0], 0.8620690703392029, 0.0
279, N/A, [1132.0, 11.0, 1280.0, 704.0], 0.5639500617980957, 0.0
279, N/A, [822.0, 197.0, 949.0, 353.0], 0.508366048336029, 0.0
280, N/A, [362.0, 4.0, 1086.0, 710.0], 0.9069796204566956, 0.0
280, N/A, [946.0, 264.0, 1139.0, 430.0], 0.8593046069145203, 0.0
280, N/A, [1131.0, 11.0, 1280.0, 703.0], 0.549098014831543, 0.0
281, N/A, [363.0, 5.0, 1086.0, 711.0], 0.9050164818763733, 0.0
281, N/A, [946.0, 268.0, 1140.0, 434.0], 0.8508179187774658, 0.0
281, N/A, [1130.0, 11.0, 1280.0, 706.0], 0.5748910903930664, 0.0
282, N/A, [362.0, 4.0, 1086.0, 711.0], 0.9161902070045471, 0.0
282, N/A, [944.0, 269.0, 1138.0, 435.0], 0.8356738090515137, 0.0
282, N/A, [1132.0, 12.0, 1280.0, 704.0], 0.6309601068496704, 0.0
283, N/A, [360.0, 5.0, 1088.0, 711.0], 0.908923327922821, 0.0
283, N/A, [944.0, 267.0, 1137.0, 433.0], 0.8488524556159973, 0.0
283, N/A, [1131.0, 12.0, 1280.0, 701.0], 0.6960437297821045, 0.0
